1.390000000000000000e+02 -2.150000000000000000e+02 -5.900000000000000000e+01 -5.030000000000000000e+02 3.080000000000000000e+02 1.970000000000000000e+02 4.230000000000000000e+02 2.580000000000000000e+02 -3.100000000000000000e+01 -3.290000000000000000e+02 -1.020000000000000000e+02 1.410000000000000000e+02 -1.280000000000000000e+02 6.300000000000000000e+01 -3.900000000000000000e+02 -4.520000000000000000e+02 -3.220000000000000000e+02 -4.700000000000000000e+02 -1.270000000000000000e+02 1.540000000000000000e+02
0.000000000000000000e+00 1.690000000000000000e+02 -4.790000000000000000e+02 2.760000000000000000e+02 1.070000000000000000e+02 -3.670000000000000000e+02 -4.800000000000000000e+02 2.100000000000000000e+01 4.070000000000000000e+02 -7.200000000000000000e+01 -3.460000000000000000e+02 4.480000000000000000e+02 2.080000000000000000e+02 -4.150000000000000000e+02 -2.670000000000000000e+02 -3.640000000000000000e+02 -1.900000000000000000e+01 1.760000000000000000e+02 4.810000000000000000e+02 -1.910000000000000000e+02
0.000000000000000000e+00 0.000000000000000000e+00 4.200000000000000000e+01 4.770000000000000000e+02 1.500000000000000000e+01 -1.340000000000000000e+02 1.560000000000000000e+02 5.500000000000000000e+01 -4.680000000000000000e+02 -4.300000000000000000e+01 -4.410000000000000000e+02 -1.060000000000000000e+02 -2.290000000000000000e+02 2.840000000000000000e+02 -2.980000000000000000e+02 4.340000000000000000e+02 4.140000000000000000e+02 2.400000000000000000e+02 1.560000000000000000e+02 -3.370000000000000000e+02
0.000000000000000000e+00 0.000000000000000000e+00 0.000000000000000000e+00 -3.700000000000000000e+01 5.100000000000000000e+01 1.400000000000000000e+02 -1.820000000000000000e+02 -2.400000000000000000e+01 -1.330000000000000000e+02 -4.890000000000000000e+02 -1.460000000000000000e+02 -1.800000000000000000e+02 -4.700000000000000000e+02 2.400000000000000000e+02 -3.890000000000000000e+02 -1.060000000000000000e+02 3.130000000000000000e+02 -3.470000000000000000e+02 -4.980000000000000000e+02 -1.810000000000000000e+02
0.000000000000000000e+00 0.000000000000000000e+00 0.000000000000000000e+00 0.000000000000000000e+00 -4.440000000000000000e+02 -5.000000000000000000e+02 3.480000000000000000e+02 4.970000000000000000e+02 -3.640000000000000000e+02 4.470000000000000000e+02 5.600000000000000000e+01 -1.300000000000000000e+01 -4.750000000000000000e+02 1.240000000000000000e+02 -4.540000000000000000e+02 -9.500000000000000000e+01 -2.450000000000000000e+02 -2.480000000000000000e+02 3.110000000000000000e+02 4.240000000000000000e+02
0.000000000000000000e+00 0.000000000000000000e+00 0.000000000000000000e+00 0.000000000000000000e+00 0.000000000000000000e+00 1.230000000000000000e+02 1.160000000000000000e+02 -4.030000000000000000e+02 1.760000000000000000e+02 1.020000000000000000e+02 -2.320000000000000000e+02 2.090000000000000000e+02 1.140000000000000000e+02 3.600000000000000000e+02 2.430000000000000000e+02 3.590000000000000000e+02 -3.290000000000000000e+02 -1.880000000000000000e+02 1.960000000000000000e+02 -3.060000000000000000e+02
0.000000000000000000e+00 0.000000000000000000e+00 0.000000000000000000e+00 0.000000000000000000e+00 0.000000000000000000e+00 0.000000000000000000e+00 -3.350000000000000000e+02 3.240000000000000000e+02 -3.100000000000000000e+01 3.150000000000000000e+02 1.400000000000000000e+02 -9.500000000000000000e+01 -2.810000000000000000e+02 2.970000000000000000e+02 -2.210000000000000000e+02 1.610000000000000000e+02 4.630000000000000000e+02 -2.200000000000000000e+01 7.800000000000000000e+01 1.940000000000000000e+02
0.000000000000000000e+00 0.000000000000000000e+00 0.000000000000000000e+00 0.000000000000000000e+00 0.000000000000000000e+00 0.000000000000000000e+00 0.000000000000000000e+00 -4.500000000000000000e+02 -7.200000000000000000e+01 6.100000000000000000e+01 -1.490000000000000000e+02 5.800000000000000000e+01 -2.340000000000000000e+02 3.890000000000000000e+02 2.780000000000000000e+02 -3.120000000000000000e+02 1.840000000000000000e+02 4.560000000000000000e+02 9.300000000000000000e+01 1.270000000000000000e+02
0.000000000000000000e+00 0.000000000000000000e+00 0.000000000000000000e+00 0.000000000000000000e+00 0.000000000000000000e+00 0.000000000000000000e+00 0.000000000000000000e+00 0.000000000000000000e+00 2.700000000000000000e+01 3.940000000000000000e+02 -2.370000000000000000e+02 4.400000000000000000e+02 1.480000000000000000e+02 -9.400000000000000000e+01 1.890000000000000000e+02 -3.510000000000000000e+02 -1.920000000000000000e+02 1.660000000000000000e+02 3.190000000000000000e+02 -2.720000000000000000e+02
0.000000000000000000e+00 0.000000000000000000e+00 0.000000000000000000e+00 0.000000000000000000e+00 0.000000000000000000e+00 0.000000000000000000e+00 0.000000000000000000e+00 0.000000000000000000e+00 0.000000000000000000e+00 1.100000000000000000e+02 -4.680000000000000000e+02 -1.100000000000000000e+01 -3.450000000000000000e+02 -8.900000000000000000e+01 -2.210000000000000000e+02 -4.730000000000000000e+02 4.840000000000000000e+02 -4.460000000000000000e+02 -3.960000000000000000e+02 -5.500000000000000000e+01
0.000000000000000000e+00 0.000000000000000000e+00 0.000000000000000000e+00 0.000000000000000000e+00 0.000000000000000000e+00 0.000000000000000000e+00 0.000000000000000000e+00 0.000000000000000000e+00 0.000000000000000000e+00 0.000000000000000000e+00 4.650000000000000000e+02 2.170000000000000000e+02 4.420000000000000000e+02 2.010000000000000000e+02 2.160000000000000000e+02 -4.390000000000000000e+02 -3.830000000000000000e+02 1.250000000000000000e+02 -1.330000000000000000e+02 6.000000000000000000e+01
0.000000000000000000e+00 0.000000000000000000e+00 0.000000000000000000e+00 0.000000000000000000e+00 0.000000000000000000e+00 0.000000000000000000e+00 0.000000000000000000e+00 0.000000000000000000e+00 0.000000000000000000e+00 0.000000000000000000e+00 0.000000000000000000e+00 -3.730000000000000000e+02 6.100000000000000000e+01 -5.050000000000000000e+02 9.500000000000000000e+01 -3.940000000000000000e+02 -1.540000000000000000e+02 3.070000000000000000e+02 4.330000000000000000e+02 2.440000000000000000e+02
0.000000000000000000e+00 0.000000000000000000e+00 0.000000000000000000e+00 0.000000000000000000e+00 0.000000000000000000e+00 0.000000000000000000e+00 0.000000000000000000e+00 0.000000000000000000e+00 0.000000000000000000e+00 0.000000000000000000e+00 0.000000000000000000e+00 0.000000000000000000e+00 -1.490000000000000000e+02 -2.430000000000000000e+02 2.820000000000000000e+02 -2.830000000000000000e+02 3.540000000000000000e+02 1.680000000000000000e+02 3.990000000000000000e+02 -8.200000000000000000e+01
0.000000000000000000e+00 0.000000000000000000e+00 0.000000000000000000e+00 0.000000000000000000e+00 0.000000000000000000e+00 0.000000000000000000e+00 0.000000000000000000e+00 0.000000000000000000e+00 0.000000000000000000e+00 0.000000000000000000e+00 0.000000000000000000e+00 0.000000000000000000e+00 0.000000000000000000e+00 2.200000000000000000e+01 3.310000000000000000e+02 -3.040000000000000000e+02 -1.570000000000000000e+02 -1.250000000000000000e+02 1.670000000000000000e+02 4.690000000000000000e+02
0.000000000000000000e+00 0.000000000000000000e+00 0.000000000000000000e+00 0.000000000000000000e+00 0.000000000000000000e+00 0.000000000000000000e+00 0.000000000000000000e+00 0.000000000000000000e+00 0.000000000000000000e+00 0.000000000000000000e+00 0.000000000000000000e+00 0.000000000000000000e+00 0.000000000000000000e+00 0.000000000000000000e+00 -7.700000000000000000e+01 3.400000000000000000e+01 1.450000000000000000e+02 -3.490000000000000000e+02 -4.810000000000000000e+02 -2.160000000000000000e+02
0.000000000000000000e+00 0.000000000000000000e+00 0.000000000000000000e+00 0.000000000000000000e+00 0.000000000000000000e+00 0.000000000000000000e+00 0.000000000000000000e+00 0.000000000000000000e+00 0.000000000000000000e+00 0.000000000000000000e+00 0.000000000000000000e+00 0.000000000000000000e+00 0.000000000000000000e+00 0.000000000000000000e+00 0.000000000000000000e+00 -3.980000000000000000e+02 4.800000000000000000e+02 4.230000000000000000e+02 -4.230000000000000000e+02 -5.040000000000000000e+02
0.000000000000000000e+00 0.000000000000000000e+00 0.000000000000000000e+00 0.000000000000000000e+00 0.000000000000000000e+00 0.000000000000000000e+00 0.000000000000000000e+00 0.000000000000000000e+00 0.000000000000000000e+00 0.000000000000000000e+00 0.000000000000000000e+00 0.000000000000000000e+00 0.000000000000000000e+00 0.000000000000000000e+00 0.000000000000000000e+00 0.000000000000000000e+00 1.600000000000000000e+01 1.490000000000000000e+02 -4.110000000000000000e+02 -1.270000000000000000e+02
0.000000000000000000e+00 0.000000000000000000e+00 0.000000000000000000e+00 0.000000000000000000e+00 0.000000000000000000e+00 0.000000000000000000e+00 0.000000000000000000e+00 0.000000000000000000e+00 0.000000000000000000e+00 0.000000000000000000e+00 0.000000000000000000e+00 0.000000000000000000e+00 0.000000000000000000e+00 0.000000000000000000e+00 0.000000000000000000e+00 0.000000000000000000e+00 0.000000000000000000e+00 3.110000000000000000e+02 -2.700000000000000000e+01 -2.490000000000000000e+02
0.000000000000000000e+00 0.000000000000000000e+00 0.000000000000000000e+00 0.000000000000000000e+00 0.000000000000000000e+00 0.000000000000000000e+00 0.000000000000000000e+00 0.000000000000000000e+00 0.000000000000000000e+00 0.000000000000000000e+00 0.000000000000000000e+00 0.000000000000000000e+00 0.000000000000000000e+00 0.000000000000000000e+00 0.000000000000000000e+00 0.000000000000000000e+00 0.000000000000000000e+00 0.000000000000000000e+00 1.350000000000000000e+02 3.190000000000000000e+02
0.000000000000000000e+00 0.000000000000000000e+00 0.000000000000000000e+00 0.000000000000000000e+00 0.000000000000000000e+00 0.000000000000000000e+00 0.000000000000000000e+00 0.000000000000000000e+00 0.000000000000000000e+00 0.000000000000000000e+00 0.000000000000000000e+00 0.000000000000000000e+00 0.000000000000000000e+00 0.000000000000000000e+00 0.000000000000000000e+00 0.000000000000000000e+00 0.000000000000000000e+00 0.000000000000000000e+00 0.000000000000000000e+00 2.910000000000000000e+02
